x = -10 - 4 + y_2; a = -2.58679
z = -10 - 4 + y_2; b = -2.58679
y = -10 - 4 + y_2; c = -2.58679